20200101
20200104
20200105
20200111
20200112
20200118
20200124
20200125
20200126
20200127
20200128
20200129
20200130
20200131
20200201
20200202
20200208
20200209
20200215
20200216
20200222
20200223
20200229
20200301
20200307
20200308
20200314
20200315
20200321
20200322
20200328
20200329
20200404
20200405
20200406
20200411
20200412
20200418
20200419
20200425
20200501
20200502
20200503
20200504
20200505
20200510
20200516
20200517
20200523
20200524
20200530
20200531
20200606
20200607
20200613
20200614
20200620
20200621
20200625
20200626
20200627
20200704
20200705
20200711
20200712
20200718
20200719
20200725
20200726
20200801
20200802
20200808
20200809
20200815
20200816
20200822
20200823
20200829
20200830
20200905
20200906
20200912
20200913
20200919
20200920
20200926
20201001
20201002
20201003
20201004
20201005
20201006
20201007
20201008
20201011
20201017
20201018
20201024
20201025
20201031
20201101
20201107
20201108
20201114
20201115
20201121
20201122
20201128
20201129
20201205
20201206
20201212
20201213
20201219
20201220
20201226
20201227
20210101
20210102
20210103
20210109
20210110
20210116
20210117
20210123
20210124
20210130
20210131
20210206
20210211
20210212
20210213
20210214
20210215
20210216
20210217
20210221
20210227
20210228
20210306
20210307
20210313
20210314
20210320
20210321
20210326
20210327
20210403
20210404
20210405
20210410
20210411
20210417
20210418
20210424
20210501
20210502
20210503
20210504
20210505
20210509
20210515
20210516
20210522
20210523
20210529
20210530
20210605
20210606
20210612
20210613
20210614
20210619
20210620
20210626
20210627
20210703
20210704
20210710
20210711
20210717
20210718
20210724
20210725
20210731
20210801
20210807
20210808
20210814
20210815
20210821
20210822
20210828
20210829
20210904
20210905
20210911
20210912
20210919
20210920
20210921
20210925
20211001
20211002
20211003
20211004
20211005
20211006
20211007
20211010
20211016
20211017
20211023
20211024
20211030
20211031
20211106
20211107
20211113
20211114
20211120
20211121
20211127
20211128
20211204
20211205
20211211
20211212
20211218
20211219
20211225
20211226